2255043
2255260
2255291
2255327
2255347
2255351
2255500
2255541
2255545
2530009
2550191
2550585
2550589
2550617
2550623
2550649
2550660
2550672
2550707
2550734
2550736
2550745
2550758
2550759
2550768
2550769
2550787
2550791
2550799
2550809
2550810
2550811
2550817
2550825
2550851
2551352
2551367
2551368
2551434
2560522
2560524
2560529
2560530
2560534
2560599
2560626
2560643
2560671
2560677
2560678
2560682
2560688
2560697
2560699
2560702
2560706
2560906
2560937
2561036
2561066
2561105
2561158
2561162
2561163
2561197
2561210
2570038
2600379
2600384
2600389
2600409
2600422
2600435
2600446
2600461
2610283
2610314
2610323
2610337
2610350
2610360
2610376
2610381
2620126
2620127
2620135
2620137
2620169
2620273
2620300
2620386
2630009
2630045
2630065
2630085
2630098
2630101
2630117
2630127
2630315
2630338
2630346
